#instance/average time to receive enough replies
100 6.96232795715
200 7.11422324181
300 7.00261354446
400 6.98413312435
500 6.89479446411
600 6.77041292191
700 6.95894479752
800 7.03725457191
900 7.08118120829
1000 7.1771800518
1100 7.22219922326
1200 7.22362379233
1300 7.17849493027
1400 7.12098223822
1500 7.11969470978
1600 7.13641732931
1700 7.09367878297
1800 7.1131477091
1900 7.09754956396
2000 7.14140987396
2100 7.16445797966
2200 7.13951034979
2300 7.13433327882
2400 7.12228814761
2500 7.13881425858
2600 7.15698398077
2700 7.13780968278
2800 7.12662254061
2900 7.12618762049
3000 7.15525142352
3100 7.15796293751
3200 7.15672194958
3300 7.17964620301
3400 7.19061753329
3500 7.18859400068
3600 7.20867772897
3700 7.2328736331
3800 7.25056892947
3900 7.25085790341
4000 7.21991789341
4100 7.18680253843
4200 7.17281642414
4300 7.1572115255
4400 7.15759629553
4500 7.15404870775
4600 7.14363300282
4700 7.15109607007
4800 7.14447855949
4900 7.13129768566
5000 7.13229484558
5100 7.14517135246
5200 7.13637705033
5300 7.12967400281
5400 7.13033093346
5500 7.11123652892
5600 7.10351028613
5700 7.10089570598
5800 7.09913204456
5900 7.08948608172
6000 7.10717729727
6100 7.09564678005
6200 7.09548046512
6300 7.10044592146
6400 7.09053661674
6500 7.08992660963
6600 7.10309841416
6700 7.11561708308
6800 7.10988868685
6900 7.11910652078
7000 7.11059028762
7100 7.10857911849
7200 7.11971630653
7300 7.11362260662
7400 7.10368050111
7500 7.10239165624
7600 7.10172901028
7700 7.10426116919
7800 7.10517791601
7900 7.09658864178
8000 7.09787341952
8100 7.0971748564
8200 7.08827827035
8300 7.08768198289
8400 7.08869610514
8500 7.09167326198
8600 7.08722508231
8700 7.09214174884
8800 7.08926983855
8900 7.0832368765
9000 7.07800830735
9100 7.06412396588
9200 7.05898562203
9300 7.05647712113
9400 7.06050652139
9500 7.05782882791
9600 7.05851785839
9700 7.05490131968
9800 7.05670174287
9900 7.05585289483
10000 7.04952001572
10100 7.04703205883
10200 7.0531271252
10300 7.05856031585
10400 7.07016846308
10500 7.08081647328
10600 7.0846145333
10700 7.08781919747
10800 7.08642016958
10900 7.07733443024
11000 7.08113345233
11100 7.09045541179
11200 7.0930187617
11300 7.09686876398
11400 7.10681894369
11500 7.10892418156
11600 7.11591961055
11700 7.1138009862
11800 7.10577651606
11900 7.10581785491
12000 7.10090400775
12100 7.1000059183
12200 7.10305970223
12300 7.10275458127
12400 7.10844480222
12500 7.11044092178
12600 7.10875874474
12700 7.10883365841
12800 7.11129315197
12900 7.1076855179
13000 7.11549351766
13100 7.11258560647
13200 7.10535101818
13300 7.10331986721
13400 7.09884059963
13500 7.09484119768
13600 7.08883651916
13700 7.08184169157
13800 7.07439866619
13900 7.06998982875
14000 7.06553322928
14100 7.06934896767
14200 7.06714510918
14300 7.07201377495
14400 7.07080996699
14500 7.07400294008
14600 7.07705636547
14700 7.07429175474
14800 7.07065029724
14900 7.0715662457
15000 7.07240095139
15100 7.07084796287
15200 7.0683148817
15300 7.06925582262
15400 7.0714493541
15500 7.07520160367
15600 7.07041937571
15700 7.06621943006
15800 7.06887488124
15900 7.07300874422
16000 7.07417584956
16100 7.07077212956
16200 7.06364870071
16300 7.05916221888
16400 7.0539844763
16500 7.05381746003
16600 7.05566806966
16700 7.05370547529
16800 7.05403695504
16900 7.05041291446
17000 7.04965303926
17100 7.04961727934
17200 7.04536485118
17300 7.03863200425
17400 7.04235305731
17500 7.04558466503
17600 7.04207352617
17700 7.03674774385
17800 7.03877222672
17900 7.03843521672
18000 7.04266670015
18100 7.04624307748
18200 7.05274733868
18300 7.04850250255
18400 7.04548141231
18500 7.04896495149
18600 7.04458868632
18700 7.04733393409
18800 7.04197791029
18900 7.04629505753
19000 7.05017636952
19100 7.04897966684
19200 7.05190562954
19300 7.05776436959
19400 7.06220857876
19500 7.06591623257
19600 7.06639283774
19700 7.06157436226
19800 7.06006901433
19900 7.05624774473
20000 7.05442451239
20100 7.05979714939
20200 7.05540402101
20300 7.05428049482
20400 7.05547644812
20500 7.05518679503
20600 7.05257904182
20700 7.05124137482
20800 7.04797295424
20900 7.04737690647
21000 7.05144669896
21100 7.04815748179
21200 7.04737766734
21300 7.04649340939
21400 7.04426788838
21500 7.04489492816
21600 7.04551117288
21700 7.04591417093
21800 7.05164219261
21900 7.05728364317
22000 7.05857911977
22100 7.05730131848
22200 7.0547034719
22300 7.0581426428
22400 7.05879970321
22500 7.0585682763
22600 7.05837797275
22700 7.06164306481
22800 7.05800833409
22900 7.05759612754
23000 7.05321039324
23100 7.04915515272
23200 7.04572517296
23300 7.04165075982
23400 7.03674535466
23500 7.03640087615
23600 7.03755791915
23700 7.04198526431
23800 7.0376850577
23900 7.04303517002
24000 7.04798254371
24100 7.04711661794
24200 7.0432150758
24300 7.04265738711
24400 7.04568884412
24500 7.04575736182
24600 7.04258604747
24700 7.04295453755
24800 7.0435550905
24900 7.04126390587
25000 7.04494002342
25100 7.04046768021
25200 7.03952640768
25300 7.0395945843
25400 7.03950024027
25500 7.04349501928
25600 7.04273334704
25700 7.04234115808
25800 7.04237611719
25900 7.04469839118
26000 7.05005941941
26100 7.05455922532
26200 7.05729504578
26300 7.06214894813
26400 7.0647314823
26500 7.06605889662
26600 7.06595206619
26700 7.06644159131
26800 7.06450487251
26900 7.06184785162
27000 7.06156445433
27100 7.06007297628
27200 7.05928543035
27300 7.05530277539
27400 7.05489658091
27500 7.05580850081
27600 7.05906372139
27700 7.05655404377
27800 7.05519826292
27900 7.05683825264
28000 7.05644772734
28100 7.05931727996
28200 7.06253452504
28300 7.062280633
28400 7.06203772988
28500 7.06284734659
28600 7.06680300352
28700 7.06927581116
28800 7.07049113181
28900 7.06915709387
29000 7.06589929811
29100 7.06400930267
29200 7.06601665445
29300 7.06410586224
29400 7.06101625955
29500 7.05928718438
29600 7.05771928703
29700 7.05561026178
29800 7.05777678714
29900 7.05633275884
30000 7.05686496099
30100 7.05682411542
30200 7.05715063392
30300 7.05754439823
30400 7.05472617557
30500 7.05143314111
30600 7.05298072372
30700 7.05385211236
30800 7.05262880047
30900 7.05228293984
31000 7.05053831685
31100 7.05274798862
31200 7.05132094713
31300 7.05267814021
31400 7.05055164683
31500 7.05057074532
31600 7.05371293086
31700 7.05306666131
31800 7.05221036695
31900 7.05205513766
32000 7.05399062485
32100 7.05436653809
32200 7.05523231015
32300 7.05612601141
32400 7.05762072846
32500 7.05988190724
32600 7.06122775019
32700 7.06051211109
32800 7.06099133666
32900 7.05818162501
33000 7.05661244103
33100 7.05394716061
33200 7.05614093556
33300 7.05841587112
33400 7.05918494813
33500 7.06164347236
33600 7.05945558491
33700 7.05808545432
33800 7.05650575062
33900 7.0578928894
34000 7.06015286025
34100 7.05965248371
34200 7.06070472622
34300 7.06046860003
34400 7.05938507651
34500 7.06050091204
34600 7.06205093103
34700 7.06275363477
34800 7.06422490635
34900 7.06794156728
35000 7.06818116052
35100 7.06767532561
35200 7.06464060328
35300 7.06253881833
35400 7.06419479376
35500 7.06402111725
35600 7.06258824702
35700 7.06285313732
35800 7.06047514963
35900 7.05871448543
36000 7.06040017472
36100 7.05745951291
36200 7.0584476521
36300 7.05700349545
36400 7.05728114306
36500 7.05509563342
36600 7.05425250074
36700 7.05178482981
36800 7.05100021932
36900 7.05340192247
37000 7.05469624416
37100 7.05736534936
37200 7.05673995838
37300 7.05749952122
37400 7.05944068929
37500 7.05983378092
37600 7.06095346111
37700 7.06432206561
37800 7.0654857411
37900 7.06491009856
38000 7.06297284678
38100 7.06429088522
38200 7.0661676679
38300 7.06776440299
38400 7.07037697857
38500 7.07326533578
38600 7.07476746851
38700 7.07647766562
38800 7.07934107363
38900 7.08134413991
39000 7.08162936798
39100 7.08058240773
39200 7.08138559546
39300 7.07878290545
39400 7.07815554541
39500 7.0751925058
39600 7.07292374336
39700 7.07200965593
39800 7.07110394785
39900 7.07422860583
40000 7.0737125814
40100 7.0751432766
40200 7.07277491318
40300 7.07128515906
40400 7.07043755173
40500 7.06853359128
40600 7.06828188426
40700 7.07031788346
40800 7.0722941207
40900 7.07421301047
41000 7.07319563191
41100 7.07070647655
41200 7.06821287141
41300 7.06810498642
41400 7.06654015371
41500 7.06433019868
41600 7.06418899389
41700 7.06644703158
41800 7.06601612306
41900 7.06745812318
42000 7.0687603099
42100 7.06698334982
42200 7.06817467631
42300 7.06653571862
42400 7.06849101017
42500 7.07047212264
42600 7.07028986143
42700 7.06903978031
42800 7.06934427547
42900 7.07004011928
43000 7.06773310484
43100 7.06968244986
43200 7.0692227836
43300 7.06836534703
43400 7.0678813007
43500 7.06963630106
43600 7.06892284778
43700 7.06846002038
43800 7.07075585513
43900 7.07020664541
44000 7.07140684128
44100 7.06966177406
44200 7.06745522055
44300 7.06829969286
44400 7.06769779459
44500 7.06971573562
44600 7.06888223977
44700 7.07047507267
44800 7.06942791917
44900 7.06775773607
45000 7.06684960789
45100 7.0647361749
45200 7.06307922317
45300 7.06214500579
45400 7.06110529437
45500 7.06308332904
45600 7.06201838297
45700 7.06161628406
45800 7.06042438095
45900 7.06035403644
46000 7.06222051641
46100 7.06360298227
46200 7.06324608295
46300 7.06222144368
46400 7.06193443516
46500 7.05930188394
46600 7.05740582278
46700 7.0592398715
46800 7.0614754797
46900 7.06109164874
47000 7.06108124205
47100 7.06046623283
47200 7.06013099622
47300 7.06209819866
47400 7.06312274631
47500 7.06396510476
47600 7.06505140337
47700 7.06267818215
47800 7.0645311587
47900 7.066603568
48000 7.06570236882
48100 7.0670696554
48200 7.06620747123
48300 7.06503859218
48400 7.06337566218
48500 7.06231018932
48600 7.06266297725
48700 7.06434240576
48800 7.06408633072
48900 7.0617706449
49000 7.06242865446
49100 7.06192866362
49200 7.06400932335
49300 7.06214234989
49400 7.06368475308
49500 7.06320020888
49600 7.0650933731
49700 7.06435532637
49800 7.06439814414
49900 7.062253006
50000 7.06254944324
50100 7.06073494966
50200 7.06198915542
50300 7.05967805021
50400 7.06181067323
50500 7.06162891294
50600 7.06024477604
50700 7.06189030961
50800 7.06093445538
50900 7.05936289489
51000 7.05751627567
51100 7.05936949314
51200 7.06068305299
51300 7.05888532523
51400 7.05857011595
51500 7.05815300432
51600 7.05913718357
51700 7.0583437582
51800 7.05696763219
51900 7.05574747685
52000 7.0538721268
52100 7.05355222761
52200 7.05137046818
52300 7.05010776082
52400 7.04924159378
52500 7.04922153836
52600 7.04848895508
52700 7.04866915998
52800 7.04761586406
52900 7.04714130138
53000 7.04541968849
53100 7.04752774337
53200 7.04966929622
53300 7.05115359899
53400 7.05098701327
53500 7.05147876472
53600 7.04953409843
53700 7.05112280126
53800 7.05319547299
53900 7.05486900952
54000 7.05294390519
54100 7.05426738795
54200 7.05583433384
54300 7.05696700906
54400 7.05497575595
54500 7.05389023265
54600 7.05397494547
54700 7.05569071133
54800 7.05605736179
54900 7.05650174553
55000 7.05841911056
55100 7.05785774276
55200 7.05886386011
55300 7.05952430935
55400 7.06114044689
55500 7.05978060198
55600 7.05886392713
55700 7.05769687838
55800 7.05813530098
55900 7.05995256444
56000 7.05770361423
56100 7.05853097154
56200 7.0580879225
56300 7.05628427688
56400 7.05518183133
56500 7.05676621884
56600 7.05826421509
56700 7.05886537646
56800 7.05774447448
56900 7.05679187037
57000 7.05813081641
57100 7.05799615947
57200 7.05940541271
57300 7.06116273973
57400 7.06177397472
57500 7.06106346379
57600 7.06302469803
57700 7.06429695546
57800 7.06441922996
57900 7.06484100362
58000 7.06525162993
58100 7.06699398011
58200 7.06631917724
58300 7.06587734599
58400 7.06457745131
58500 7.0655060548
58600 7.06551957049
58700 7.06652927236
58800 7.0647208788
58900 7.06599144053
59000 7.06533807819
59100 7.0657192269
59200 7.06790755327
59300 7.06802679355
59400 7.06845713384
59500 7.06953574429
59600 7.07110311361
59700 7.07114850656
59800 7.07322194425
59900 7.07483361281
60000 7.07277069887
60100 7.0743124973
60200 7.07532206643
60300 7.07490434694
60400 7.07674129909
60500 7.07602067427
60600 7.07784704249
60700 7.07738307595
60800 7.0788020523
60900 7.07768101998
61000 7.07868007363
61100 7.07872368505
61200 7.07852591876
61300 7.07869266802
61400 7.07750826006
61500 7.07568356274
61600 7.07564368263
61700 7.07472189126
61800 7.07638070036
61900 7.07737919202
62000 7.07586076952
62100 7.07409693615
62200 7.07316944453
62300 7.07369070375
62400 7.07223493319
62500 7.07348809052
62600 7.07305861738
62700 7.07264776245
62800 7.07144969208
62900 7.06971090056
63000 7.06970883551
63100 7.06962573358
63200 7.06870400453
63300 7.06993578358
63400 7.06976393796
63500 7.06885677998
63600 7.06810445156
63700 7.07030270126
63800 7.07164912388
63900 7.07124319808
64000 7.0706307292
64100 7.07036853395
64200 7.06937300082
64300 7.06809771747
64400 7.06949366546
64500 7.06937937773
64600 7.07106134471
64700 7.07110210401
64800 7.071763358
64900 7.07371103378
65000 7.07484402657
65100 7.07328992322
65200 7.07269581549
65300 7.07112679255
65400 7.06961051404
65500 7.0711818251
65600 7.07275336835
65700 7.07238600497
65800 7.07189554864
65900 7.07010921831
66000 7.07020815936
66100 7.07044395484
66200 7.07039333542
66300 7.0709987859
66400 7.07173898637
66500 7.07334144492
66600 7.07311655666
66700 7.07338203733
66800 7.07331686677
66900 7.07416046182
67000 7.07529919895
67100 7.07552135968
67200 7.07667526035
67300 7.0765530018
67400 7.07608199969
67500 7.07580680141
67600 7.07669347701
67700 7.07538710387
67800 7.073780569
67900 7.07302296109
68000 7.07369963912
68100 7.07555694202
68200 7.07500166208
68300 7.07394482625
68400 7.07245220218
68500 7.07228675202
68600 7.07367557131
68700 7.07256999425
68800 7.07245074386
68900 7.07351770733
69000 7.07317125625
69100 7.07195216771
69200 7.07203791321
69300 7.07344361714
69400 7.07506150952
69500 7.0741618623
69600 7.07493222993
69700 7.07658560409
69800 7.07623557921
69900 7.0774214087
70000 7.07737163816
70100 7.07718677426
70200 7.0766707669
70300 7.07671230921
70400 7.07719982686
70500 7.07614749543
70600 7.07569382346
70700 7.07520236389
70800 7.07482513398
70900 7.07551095314
71000 7.07576314161
71100 7.07660820917
71200 7.07529455088
71300 7.07456830508
71400 7.0730535757
71500 7.0716823798
71600 7.07190527596
71700 7.07116365765
71800 7.07248187331
71900 7.0739258745
72000 7.07548084524
72100 7.07616675082
72200 7.07505673913
72300 7.07623658174
72400 7.07742322545
72500 7.07754188406
72600 7.07756618166
72700 7.07954256538
72800 7.0814957658
72900 7.08334219309
73000 7.08524866627
73100 7.08507954014
73200 7.08535852654
73300 7.08653742425
73400 7.08651674866
73500 7.08749159664
73600 7.08744081142
73700 7.08878930906
73800 7.08971287177
73900 7.08977232444
74000 7.08839408127
74100 7.0895966441
74200 7.09066802601
74300 7.0910785625
74400 7.09255304388
74500 7.09272571538
74600 7.09181921412
74700 7.0911827081
74800 7.09105680652
74900 7.09118945576
75000 7.09114713351
75100 7.09251530478
75200 7.09235681815
75300 7.09115868387
75400 7.089890327
75500 7.08845357705
75600 7.08745383712
75700 7.08808524133
75800 7.08973812239
75900 7.09101092988
76000 7.09098325905
76100 7.09104922692
76200 7.08949847484
76300 7.09096672651
76400 7.09232514129
76500 7.09172781153
76600 7.09235750975
76700 7.09149610887
76800 7.09132510548
76900 7.09076587183
77000 7.09081724712
77100 7.08935391269
77200 7.08866052059
77300 7.08844976931
77400 7.08964518798
77500 7.09094127224
77600 7.09054419368
77700 7.08977208635
77800 7.08873079798
77900 7.08962100155
78000 7.08893855107
78100 7.08918056171
78200 7.08892256707
78300 7.08822143793
78400 7.08806178095
78500 7.08674869416
78600 7.08593515343
78700 7.08523889357
78800 7.08456045177
78900 7.08535141516
79000 7.08703119242
79100 7.08849752296
79200 7.08770359405
79300 7.08705436086
79400 7.08672142749
79500 7.08629579664
79600 7.0850672614
79700 7.08435377482
79800 7.08565967125
79900 7.08702806836
80000 7.08825387061
80100 7.087969015
80200 7.08894476629
80300 7.09017715894
80400 7.08995328317
80500 7.08955849772
80600 7.0884945227
80700 7.08854740289
80800 7.089499005
80900 7.08879468468
81000 7.08822873198
81100 7.08807485759
81200 7.08803703339
81300 7.08850213376
81400 7.08957724548
81500 7.09077417339
81600 7.09008573025
81700 7.0897401065
81800 7.08913717701
81900 7.08810343119
82000 7.08778762817
82100 7.08744457375
82200 7.08674453761
82300 7.08650957191
82400 7.08797018505
82500 7.08941631895
82600 7.08894386996
82700 7.09020631922
82800 7.08942231061
82900 7.09037438233
83000 7.09162239569
83100 7.09277555257
83200 7.09231763505
83300 7.09162516611
83400 7.09166629137
83500 7.09162060515
83600 7.09099738221
83700 7.09225348959
83800 7.09223486074
83900 7.09225656023
84000 7.09323610011
84100 7.09435642403
84200 7.09536047559
84300 7.09658429009
84400 7.09682836069
84500 7.09814890179
84600 7.09925313932
84700 7.09877705208
84800 7.09792724477
84900 7.09653087724
85000 7.09521619572
85100 7.09479861198
85200 7.09488092174
85300 7.09440327753
85400 7.09383507244
85500 7.09347620066
85600 7.09368904339
85700 7.09439347199
85800 7.09564944803
85900 7.09540520891
86000 7.09688128704
86100 7.09611070835
86200 7.09709466748
86300 7.09783692487
86400 7.09799176289
86500 7.09745833226
86600 7.0964503013
86700 7.09604811366
86800 7.09645910472
86900 7.09625311633
87000 7.09583873858
87100 7.09514146831
87200 7.09599144142
87300 7.09547372208
87400 7.09537709332
87500 7.09428100313
87600 7.09458616498
87700 7.09570947775
87800 7.09574950312
87900 7.09652687231
88000 7.0951614109
88100 7.09425484823
88200 7.0953376277
88300 7.0964078482
88400 7.09641340092
88500 7.09751687077
88600 7.09764850328
88700 7.09789783871
88800 7.09809919467
88900 7.09817497213
89000 7.09733284457
89100 7.09605596684
89200 7.0958568697
89300 7.09699156303
89400 7.09784855245
89500 7.09785407615
89600 7.09688959643
89700 7.09571754919
89800 7.09709710958
89900 7.09846511699
90000 7.09860214127
90100 7.09828619422
90200 7.09874042915
90300 7.0999073243
90400 7.10070338661
90500 7.10058827163
90600 7.10103497337
90700 7.10153583392
90800 7.1026941018
90900 7.10388647579
91000 7.10487447204
91100 7.1044789554
91200 7.10416542072
91300 7.10514705257
91400 7.10487972986
91500 7.1040110562
91600 7.10339267702
91700 7.10343093362
91800 7.10334781208
91900 7.10283507979
92000 7.10225124722
92100 7.10337852681
92200 7.10318794995
92300 7.10390529033
92400 7.10354171532
92500 7.10346972749
92600 7.10234486516
92700 7.10235464534
92800 7.10188140643
92900 7.1026625315
93000 7.10216119725
93100 7.1025684876
93200 7.10389909826
93300 7.10374771846
93400 7.10324707327
93500 7.10287047707
93600 7.1037986034
93700 7.10361364684
93800 7.1032690824
93900 7.10439624878
94000 7.10548310584
94100 7.10542753323
94200 7.10597716066
94300 7.10577952394
94400 7.10492706905
94500 7.10382002371
94600 7.10278724767
94700 7.10390930569
94800 7.10348362661
94900 7.10312005215
95000 7.10281118343
95100 7.10345169723
95200 7.10266223976
95300 7.10301930857
95400 7.10327621276
95500 7.10220509674
95600 7.10164780896
95700 7.10230860715
95800 7.10199125624
95900 7.10177451403
96000 7.10195198903
96100 7.10294668186
96200 7.10386171906
96300 7.10364438292
96400 7.1035044495
96500 7.10259813595
96600 7.10309475845
96700 7.103251866
96800 7.10439999488
96900 7.1052216647
97000 7.10634550114
97100 7.10745213329
97200 7.10667669037
97300 7.10568416278
97400 7.10493506592
97500 7.10535049928
97600 7.10645536419
97700 7.10575583525
97800 7.10569562112
97900 7.10466449667
98000 7.10537792712
98100 7.10565392274
98200 7.10523773842
98300 7.10604351874
98400 7.10712071114
98500 7.10820070257
98600 7.10921854083
98700 7.10893050757
98800 7.10958417128
98900 7.1091523209
99000 7.10949564221
99100 7.108526699
99200 7.1096047687
99300 7.11068591322
99400 7.10988338085
99500 7.1096762245
99600 7.10954950277
99700 7.10908917271
99800 7.10878795995
99900 7.10837168975
