#instance/time to receive enough replies
100 8.82315635681
200 9.0320110321
300 7.51900672913
400 7.71713256836
500 7.30109214783
600 7.86018371582
700 7.20691680908
800 7.82799720764
900 8.10694694519
1000 8.49199295044
1100 4.83107566833
1200 7.30013847351
1300 8.97622108459
1400 7.23004341125
1500 8.61215591431
1600 8.83197784424
1700 5.90801239014
1800 5.52988052368
1900 7.15589523315
2000 5.73396682739
2100 6.56390190125
2200 8.48603248596
2300 6.29186630249
2400 8.47291946411
2500 5.85889816284
2600 8.98504257202
2700 9.58299636841
2800 5.00106811523
2900 8.09097290039
3000 13.3559703827
3100 6.99186325073
3200 8.55112075806
3300 6.82783126831
3400 8.47482681274
3500 4.00876998901
3600 6.88481330872
3700 5.42116165161
3800 6.60514831543
3900 8.6669921875
4000 7.82608985901
4100 4.97794151306
4200 10.7300281525
4300 6.27493858337
4400 12.4428272247
4500 4.92596626282
4600 8.49914550781
4700 7.19594955444
4800 10.2300643921
4900 12.7890110016
5000 9.42993164062
5100 7.0948600769
5200 8.21304321289
5300 7.03001022339
5400 6.30712509155
5500 4.17280197144
5600 4.61721420288
5700 6.52813911438
5800 4.64606285095
5900 7.38787651062
6000 11.6510391235
6100 5.51199913025
6200 9.62018966675
6300 8.6498260498
6400 13.4019851685
6500 9.51504707336
6600 5.76996803284
6700 14.8909091949
6800 7.43198394775
6900 5.37514686584
7000 8.79883766174
7100 5.14388084412
7200 7.24816322327
7300 6.37078285217
7400 4.27603721619
7500 8.52799415588
7600 7.2648525238
7700 7.61485099792
7800 9.82785224915
7900 5.22398948669
8000 6.87289237976
8100 7.59100914001
8200 3.91101837158
8300 4.90999221802
8400 6.89506530762
8500 7.18688964844
8600 4.90093231201
8700 8.66389274597
8800 7.92407989502
8900 7.9288482666
9000 7.22599029541
9100 4.92596626282
9200 6.54411315918
9300 4.93717193604
9400 12.4380588531
9500 5.67007064819
9600 12.5741958618
9700 4.89187240601
9800 6.36792182922
9900 7.3459148407
10000 7.572889328
10100 14.5909786224
10200 5.2809715271
10300 5.84506988525
10400 6.15000724792
10500 13.4990215302
10600 6.97994232178
10700 12.3789310455
10800 9.62686538696
10900 6.01100921631
11000 10.0691318512
11100 7.22789764404
11200 7.69901275635
11300 5.04803657532
11400 9.17291641235
11500 6.19506835938
11600 7.29203224182
11700 7.47084617615
11800 7.26199150085
11900 5.92589378357
12000 6.2849521637
12100 6.8531036377
12200 15.7520771027
12300 5.66291809082
12400 8.87680053711
12500 7.42697715759
12600 7.33590126038
12700 7.1439743042
12800 9.06014442444
12900 8.06903839111
13000 5.8810710907
13100 6.09087944031
13200 7.47895240784
13300 13.5760307312
13400 7.47919082642
13500 5.62787055969
13600 4.34422492981
13700 7.6220035553
13800 6.58988952637
13900 7.72309303284
14000 4.13703918457
14100 7.63297080994
14200 5.97310066223
14300 8.29887390137
14400 5.9289932251
14500 6.41798973083
14600 8.15415382385
14700 5.2490234375
14800 4.65798377991
14900 12.4080181122
15000 6.14500045776
15100 5.10811805725
15200 6.05392456055
15300 12.0539665222
15400 6.71601295471
15500 5.90515136719
15600 8.76808166504
15700 5.01108169556
15800 8.63814353943
15900 6.1571598053
16000 8.36205482483
16100 7.37905502319
16200 4.74691390991
16300 7.94100761414
16400 5.60522079468
16500 7.84707069397
16600 6.70695304871
16700 4.49895858765
16800 5.7430267334
16900 8.19110870361
17000 4.75215911865
17100 5.92803955078
17200 7.27009773254
17300 4.93693351746
17400 14.8508548737
17500 5.7110786438
17600 11.2698078156
17700 6.511926651
17800 7.75003433228
17900 9.59420204163
18000 9.96899604797
18100 6.25109672546
18200 6.63995742798
18300 7.3390007019
18400 6.22606277466
18500 5.91087341309
18600 6.43491744995
18700 6.78682327271
18800 5.61499595642
18900 5.73015213013
19000 8.44812393188
19100 12.6550197601
19200 14.5399570465
19300 7.85207748413
19400 11.6980075836
19500 3.91721725464
19600 7.27295875549
19700 7.9300403595
19800 7.42602348328
19900 6.96301460266
20000 5.28001785278
20100 10.9159946442
20200 5.13887405396
20300 6.96086883545
20400 14.1129493713
20500 8.9750289917
20600 7.18188285828
20700 9.86099243164
20800 9.90295410156
20900 6.24489784241
21000 12.2029781342
21100 7.82084465027
21200 7.24101066589
21300 7.96294212341
21400 12.1288299561
21500 9.15908813477
21600 4.89687919617
21700 5.15818595886
21800 13.4618282318
21900 7.91692733765
22000 6.21199607849
22100 8.68511199951
22200 6.6339969635
22300 10.5650424957
22400 6.35409355164
22500 7.51805305481
22600 7.53903388977
22700 7.45701789856
22800 6.1559677124
22900 7.54189491272
23000 5.42593002319
23100 6.61611557007
23200 7.99107551575
23300 4.63700294495
23400 4.59504127502
23500 5.00893592834
23600 13.0898952484
23700 6.99400901794
23800 5.28907775879
23900 12.7589702606
24000 8.99291038513
24100 7.56907463074
24200 10.6499195099
24300 4.95195388794
24400 6.77800178528
24500 8.31198692322
24600 6.93702697754
24700 8.01706314087
24800 6.76798820496
24900 5.66792488098
25000 5.94615936279
25100 4.50110435486
25200 5.49507141113
25300 14.2760276794
25400 11.5728378296
25500 4.90403175354
25600 7.98988342285
25700 7.16209411621
25800 7.91883468628
25900 6.68597221375
26000 15.0530338287
26100 6.2460899353
26200 6.50310516357
26300 6.98590278625
26400 8.65602493286
26500 5.74612617493
26600 4.23407554626
26700 4.31704521179
26800 7.92908668518
26900 7.10201263428
27000 6.06393814087
27100 4.69613075256
27200 4.71806526184
27300 5.66697120667
27400 7.71188735962
27500 8.20994377136
27600 8.38398933411
27700 6.49309158325
27800 9.09018516541
27900 7.98392295837
28000 15.0771141052
28100 7.28106498718
28200 5.91015815735
28300 7.89785385132
28400 5.14006614685
28500 8.56494903564
28600 5.50389289856
28700 7.14898109436
28800 7.56096839905
28900 5.13219833374
29000 4.19092178345
29100 5.2809715271
29200 14.867067337
29300 9.61208343506
29400 7.21597671509
29500 7.21001625061
29600 9.27186012268
29700 8.49008560181
29800 5.65195083618
29900 9.26899909973
30000 7.563829422
30100 8.40401649475
30200 6.96706771851
30300 7.75599479675
30400 8.10289382935
30500 7.02309608459
30600 6.87193870544
30700 6.9580078125
30800 12.6960277557
30900 5.87201118469
31000 5.61785697937
31100 8.21805000305
31200 5.39493560791
31300 8.61215591431
31400 7.86900520325
31500 5.52296638489
31600 7.3390007019
31700 9.50908660889
31800 8.4228515625
31900 6.23989105225
32000 5.29003143311
32100 6.16002082825
32200 5.53584098816
32300 7.37714767456
32400 7.29584693909
32500 12.9470825195
32600 6.17504119873
32700 5.15508651733
32800 5.56397438049
32900 6.07180595398
33000 8.97598266602
33100 14.899969101
33200 12.4890804291
33300 7.14492797852
33400 8.87703895569
33500 4.56595420837
33600 9.05799865723
33700 9.65690612793
33800 8.02302360535
33900 6.02006912231
34000 9.16290283203
34100 10.3340148926
34200 13.2040977478
34300 4.92691993713
34400 8.54921340942
34500 10.1070404053
34600 5.18012046814
34700 7.38596916199
34800 6.89291954041
34900 15.27094841
35000 8.93783569336
35100 6.44493103027
35200 4.26197052002
35300 15.0239467621
35400 7.4291229248
35500 5.46193122864
35600 4.5759677887
35700 8.54992866516
35800 8.16106796265
35900 8.05497169495
36000 5.08785247803
36100 8.62216949463
36200 14.0879154205
36300 6.89482688904
36400 8.30006599426
36500 10.6010437012
36600 10.9989643097
36700 7.1120262146
36800 7.87806510925
36900 9.11998748779
37000 13.4329795837
37100 9.33694839478
37200 9.22989845276
37300 4.98986244202
37400 7.44295120239
37500 7.37404823303
37600 9.08398628235
37700 8.38589668274
37800 13.8320922852
37900 7.32898712158
38000 8.36706161499
38100 6.26182556152
38200 14.8899555206
38300 7.35402107239
38400 7.56597518921
38500 13.8330459595
38600 8.41283798218
38700 7.05099105835
38800 6.56414031982
38900 5.88893890381
39000 5.21993637085
39100 9.34600830078
39200 4.53400611877
39300 5.22994995117
39400 8.28385353088
39500 4.02283668518
39600 5.07497787476
39700 4.4059753418
39800 7.44795799255
39900 7.70688056946
40000 7.2329044342
40100 7.29513168335
40200 5.72299957275
40300 13.3628845215
40400 4.1241645813
40500 5.05113601685
40600 9.13715362549
40700 7.81989097595
40800 12.1829509735
40900 9.41896438599
41000 8.77690315247
41100 7.08079338074
41200 10.0219249725
41300 4.02903556824
41400 7.78698921204
41500 7.47203826904
41600 14.7848129272
41700 9.40799713135
41800 8.71396064758
41900 7.67302513123
42000 5.02300262451
42100 8.59999656677
42200 7.84206390381
42300 6.22606277466
42400 6.46901130676
42500 6.34694099426
42600 8.89897346497
42700 7.81798362732
42800 12.4158859253
42900 8.79311561584
43000 7.58600234985
43100 7.07387924194
43200 7.59887695312
43300 7.40098953247
43400 6.23202323914
43500 6.05320930481
43600 8.02707672119
43700 6.16097450256
43800 7.92789459229
43900 12.4139785767
44000 6.81591033936
44100 4.59504127502
44200 12.4468803406
44300 12.176990509
44400 6.51788711548
44500 5.87201118469
44600 7.20000267029
44700 9.19103622437
44800 7.63511657715
44900 10.3650093079
45000 5.47409057617
45100 6.89101219177
45200 7.30299949646
45300 9.0548992157
45400 6.75797462463
45500 7.28702545166
45600 12.7129554749
45700 4.34803962708
45800 8.23497772217
45900 6.37984275818
46000 7.78913497925
46100 7.16519355774
46200 8.3749294281
46300 6.6020488739
46400 6.02793693542
46500 7.30299949646
46600 8.20994377136
46700 9.45091247559
46800 7.35807418823
46900 10.3769302368
47000 7.82990455627
47100 6.31904602051
47200 14.2560005188
47300 7.58290290833
47400 7.40003585815
47500 12.9399299622
47600 5.28001785278
47700 4.27389144897
47800 9.6390247345
47900 6.09707832336
48000 5.80286979675
48100 6.77299499512
48200 4.95386123657
48300 9.44685935974
48400 16.037940979
48500 4.46891784668
48600 7.50994682312
48700 7.30514526367
48800 5.4190158844
48900 4.20594215393
49000 9.02009010315
49100 8.03995132446
49200 7.10415840149
49300 5.20992279053
49400 9.02605056763
49500 8.81505012512
49600 8.00800323486
49700 8.93092155457
49800 4.6980381012
49900 5.6459903717
50000 6.48307800293
50100 4.35900688171
50200 7.23004341125
50300 5.10287284851
50400 12.8870010376
50500 13.1528377533
50600 8.87608528137
50700 4.94003295898
50800 5.65695762634
50900 8.79693031311
51000 5.50079345703
51100 5.43999671936
51200 4.41193580627
51300 7.81798362732
51400 5.20610809326
51500 5.53107261658
51600 4.04095649719
51700 5.10811805725
51800 5.6939125061
51900 6.22391700745
52000 9.36913490295
52100 9.56201553345
52200 7.71880149841
52300 8.30698013306
52400 5.80191612244
52500 8.40616226196
52600 7.8649520874
52700 7.6630115509
52800 7.28893280029
52900 5.44691085815
53000 8.40616226196
53100 6.85620307922
53200 5.96594810486
53300 4.99701499939
53400 14.237165451
53500 7.5089931488
53600 4.57620620728
53700 10.1380348206
53800 4.91189956665
53900 5.73205947876
54000 5.38086891174
54100 8.92210006714
54200 6.46615028381
54300 7.87305831909
54400 5.23805618286
54500 5.4030418396
54600 6.39605522156
54700 7.31706619263
54800 7.57098197937
54900 14.0368938446
55000 12.687921524
55100 7.16209411621
55200 8.00395011902
55300 7.53808021545
55400 8.05306434631
55500 5.66387176514
55600 8.90517234802
55700 7.71689414978
55800 8.51702690125
55900 7.29179382324
56000 7.15589523315
56100 8.07285308838
56200 5.2809715271
56300 8.74400138855
56400 6.91914558411
56500 12.5880241394
56600 8.47411155701
56700 4.62412834167
56800 6.22987747192
56900 14.1339302063
57000 7.43007659912
57100 5.6300163269
57200 14.2908096313
57300 7.11607933044
57400 8.2950592041
57500 7.51399993896
57600 6.05297088623
57700 7.90286064148
57800 4.95600700378
57900 6.82902336121
58000 15.4387950897
58100 5.14197349548
58200 13.7131214142
58300 6.87384605408
58400 14.7562026978
58500 5.73515892029
58600 7.67207145691
58700 9.192943573
58800 9.29117202759
58900 8.89301300049
59000 5.29384613037
59100 15.084028244
59200 9.75394248962
59300 8.31007957458
59400 5.0151348114
59500 13.1440162659
59600 6.40296936035
59700 12.4378204346
59800 5.43594360352
59900 8.42308998108
60000 6.72483444214
60100 5.80596923828
60200 9.06801223755
60300 6.2849521637
60400 8.84604454041
60500 7.79294967651
60600 14.9240493774
60700 6.89601898193
60800 13.5340690613
60900 5.31601905823
61000 4.96411323547
61100 5.67579269409
61200 8.93092155457
61300 12.179851532
61400 6.80899620056
61500 9.70196723938
61600 5.59091567993
61700 4.18996810913
61800 8.80098342896
61900 7.0059299469
62000 6.88290596008
62100 9.33790206909
62200 7.12490081787
62300 8.91900062561
62400 7.99894332886
62500 6.3099861145
62600 9.63616371155
62700 11.4121437073
62800 6.99496269226
62900 5.05185127258
63000 6.84809684753
63100 5.47099113464
63200 4.76479530334
63300 5.6459903717
63400 6.52408599854
63500 10.0991725922
63600 6.91795349121
63700 7.98583030701
63800 5.26905059814
63900 5.8798789978
64000 7.80510902405
64100 14.4381523132
64200 9.033203125
64300 9.33814048767
64400 6.25514984131
64500 6.06203079224
64600 11.7111206055
64700 5.1429271698
64800 6.6192150116
64900 7.8821182251
65000 5.35798072815
65100 6.42681121826
65200 4.82106208801
65300 6.75702095032
65400 15.2020454407
65500 9.04297828674
65600 5.72800636292
65700 4.81200218201
65800 7.59696960449
65900 7.73000717163
66000 4.16588783264
66100 7.77506828308
66200 7.69901275635
66300 6.49380683899
66400 6.64305686951
66500 10.3089809418
66600 6.48283958435
66700 12.3238563538
66800 5.3379535675
66900 11.0440254211
67000 10.4041099548
67100 7.70282745361
67200 5.21516799927
67300 8.22615623474
67400 8.32796096802
67500 6.90603256226
67600 7.89904594421
67700 4.44602966309
67800 8.66198539734
67900 4.714012146
68000 6.4640045166
68100 6.12688064575
68200 5.69081306458
68300 4.76694107056
68400 5.70106506348
68500 14.5270824432
68600 8.50510597229
68700 10.5268955231
68800 13.7538909912
68900 6.73794746399
69000 7.23195075989
69100 6.14094734192
69200 18.0780887604
69300 8.70180130005
69400 8.38279724121
69500 6.16979598999
69600 7.88593292236
69700 13.7829780579
69800 6.66093826294
69900 9.27090644836
70000 15.1629447937
70100 9.57679748535
70200 9.17196273804
70300 12.1698379517
70400 6.93106651306
70500 5.047082901
70600 9.14120674133
70700 6.15620613098
70800 5.35917282104
70900 8.11314582825
71000 7.0629119873
71100 7.53784179688
71200 7.8239440918
71300 6.22415542603
71400 7.73811340332
71500 7.10010528564
71600 5.61714172363
71700 4.62102890015
71800 5.78308105469
71900 6.12115859985
72000 7.92217254639
72100 8.96096229553
72200 7.80892372131
72300 12.7799510956
72400 15.1100158691
72500 7.09295272827
72600 11.8980407715
72700 8.07309150696
72800 14.9590969086
72900 5.59782981873
73000 6.9100856781
73100 6.94799423218
73200 11.5711688995
73300 6.84785842896
73400 8.80694389343
73500 4.1720867157
73600 7.07793235779
73700 5.29599189758
73800 4.32801246643
73900 7.58600234985
74000 5.59902191162
74100 6.38699531555
74200 4.61006164551
74300 10.0750923157
74400 6.56604766846
74500 4.86516952515
74600 6.76989555359
74700 8.51011276245
74800 7.75814056396
74900 7.19499588013
75000 4.40788269043
75100 6.97493553162
75200 6.79302215576
75300 4.90212440491
75400 5.28621673584
75500 7.8239440918
75600 7.64203071594
75700 14.0669345856
75800 9.17100906372
75900 7.19094276428
76000 6.91604614258
76100 8.79406929016
76200 7.00712203979
76300 8.08191299438
76400 6.63805007935
76500 5.48601150513
76600 4.69708442688
76700 6.89101219177
76800 6.35194778442
76900 8.73994827271
77000 7.47513771057
77100 9.28616523743
77200 8.41283798218
77300 12.7279758453
77400 8.79192352295
77500 6.46710395813
77600 4.57191467285
77700 8.38088989258
77800 8.94498825073
77900 6.36792182922
78000 4.30512428284
78100 6.89601898193
78200 14.979839325
78300 13.5660171509
78400 8.9168548584
78500 5.07593154907
78600 15.5999660492
78700 5.69295883179
78800 7.26413726807
78900 7.84397125244
79000 6.80804252625
79100 6.32786750793
79200 7.46488571167
79300 4.31799888611
79400 5.86485862732
79500 8.21995735168
79600 6.80494308472
79700 15.8491134644
79800 10.0901126862
79900 7.32898712158
80000 13.4718418121
80100 7.31897354126
80200 6.8039894104
80300 8.42809677124
80400 6.93082809448
80500 6.95109367371
80600 11.3370418549
80700 6.9739818573
80800 6.64091110229
80900 7.45892524719
81000 8.26907157898
81100 7.10296630859
81200 5.32603263855
81300 6.16312026978
81400 5.37610054016
81500 8.89897346497
81600 5.31601905823
81700 6.27779960632
81800 7.8821182251
81900 4.71806526184
82000 9.26899909973
82100 8.50987434387
82200 8.07285308838
82300 11.1179351807
82400 6.80899620056
82500 13.2479667664
82600 7.72881507874
82700 6.74200057983
82800 9.34910774231
82900 4.83798980713
83000 7.60006904602
83100 6.67810440063
83200 7.39502906799
83300 7.52091407776
83400 6.5929889679
83500 8.6030960083
83600 8.93902778625
83700 6.06203079224
83800 7.71021842957
83900 4.3740272522
84000 7.33709335327
84100 5.92803955078
84200 12.4299526215
84300 10.6871128082
84400 7.55882263184
84500 7.68184661865
84600 6.33597373962
84700 7.01689720154
84800 8.04615020752
84900 4.71115112305
85000 7.47299194336
85100 9.02509689331
85200 7.39002227783
85300 8.51583480835
85400 8.36801528931
85500 5.80906867981
85600 5.03301620483
85700 6.97207450867
85800 8.91304016113
85900 6.47616386414
86000 6.28685951233
86100 9.00483131409
86200 4.77004051208
86300 5.11407852173
86400 8.53109359741
86500 8.2380771637
86600 4.67801094055
86700 5.78999519348
86800 7.21383094788
86900 5.74088096619
87000 7.73310661316
87100 8.50200653076
87200 8.65316390991
87300 8.52799415588
87400 6.88409805298
87500 8.02707672119
87600 10.360956192
87700 6.48593902588
87800 7.1849822998
87900 5.61308860779
88000 7.22599029541
88100 5.64789772034
88200 7.25197792053
88300 5.81502914429
88400 7.83395767212
88500 4.79507446289
88600 7.2169303894
88700 6.48403167725
88800 8.49008560181
88900 7.29703903198
89000 9.9458694458
89100 6.99305534363
89200 4.90689277649
89300 7.85398483276
89400 5.03420829773
89500 6.08992576599
89600 7.67612457275
89700 6.44183158875
89800 8.43000411987
89900 6.95705413818
90000 6.41798973083
90100 6.78300857544
90200 8.72087478638
90300 7.24911689758
90400 5.46407699585
90500 13.0951404572
90600 7.95602798462
90700 5.75709342957
90800 14.2648220062
90900 6.51597976685
91000 6.41298294067
91100 6.05797767639
91200 12.0899677277
91300 8.62884521484
91400 7.42387771606
91500 6.24990463257
91600 4.54187393188
91700 8.65697860718
91800 5.45406341553
91900 6.32405281067
92000 15.5191421509
92100 10.6229782104
92200 6.73079490662
92300 8.70990753174
92400 5.98907470703
92500 8.06879997253
92600 4.93502616882
92700 5.77306747437
92800 7.65991210938
92900 4.43601608276
93000 6.93893432617
93100 8.24499130249
93200 6.93416595459
93300 6.25109672546
93400 5.450963974
93500 9.05609130859
93600 5.66816329956
93700 6.26587867737
93800 11.9287967682
93900 6.89196586609
94000 7.13205337524
94100 5.94902038574
94200 8.33010673523
94300 7.31801986694
94400 7.34305381775
94500 4.90403175354
94600 9.06205177307
94700 6.51001930237
94800 9.0160369873
94900 5.84721565247
95000 5.56802749634
95100 6.17289543152
95200 4.66585159302
95300 12.0649337769
95400 6.30688667297
95500 7.25483894348
95600 5.76901435852
95700 12.9132270813
95800 7.33590126038
95900 5.8159828186
96000 9.840965271
96100 7.31301307678
96200 6.37412071228
96300 7.23195075989
96400 3.77917289734
96500 4.69899177551
96600 8.95309448242
96700 6.94513320923
96800 14.9118900299
96900 7.17687606812
97000 13.482093811
97100 10.0541114807
97200 4.58002090454
97300 10.3919506073
97400 7.61485099792
97500 8.55302810669
97600 8.00609588623
97700 8.2221031189
97800 9.07397270203
97900 8.52608680725
98000 8.0840587616
98100 8.73708724976
98200 7.04121589661
98300 6.11090660095
98400 6.85882568359
98500 10.9779834747
98600 8.25595855713
98700 4.145860672
98800 5.73992729187
98900 10.910987854
99000 5.59401512146
99100 13.4711265564
99200 6.37912750244
99300 6.91914558411
99400 4.63604927063
99500 6.2780380249
99600 13.9491558075
99700 8.3749294281
99800 8.34894180298
99900 6.97708129883
