#instance/time to receive enough replies
100 3.05104255676
200 4.49705123901
300 4.55403327942
400 4.05502319336
500 2.89702415466
600 8.85915756226
700 3.82494926453
800 5.93495368958
900 8.67199897766
1000 3.09419631958
1100 3.90601158142
1200 2.29597091675
1300 3.30305099487
1400 2.17294692993
1500 2.40898132324
1600 4.85110282898
1700 9.35888290405
1800 3.26681137085
1900 2.9399394989
2000 4.24599647522
2100 3.20100784302
2200 8.66889953613
2300 4.02402877808
2400 4.86898422241
2500 9.39702987671
2600 2.99715995789
2700 3.9210319519
2800 4.55904006958
2900 5.86414337158
3000 9.29617881775
3100 2.6171207428
3200 5.30409812927
3300 2.19202041626
3400 3.24082374573
3500 5.0060749054
3600 8.10599327087
3700 3.31711769104
3800 3.70693206787
3900 9.66382026672
4000 5.32698631287
4100 10.9159946442
4200 3.85117530823
4300 3.42893600464
4400 5.73301315308
4500 5.22994995117
4600 8.7468624115
4700 3.92389297485
4800 5.09905815125
4900 4.43601608276
5000 4.63104248047
5100 3.26704978943
5200 9.9561214447
5300 4.50396537781
5400 3.47685813904
5500 2.36082077026
5600 3.15499305725
5700 2.89511680603
5800 3.53097915649
5900 4.05502319336
6000 2.70390510559
6100 5.23400306702
6200 8.70609283447
6300 2.64096260071
6400 5.44309616089
6500 8.05902481079
6600 3.59797477722
6700 3.23295593262
6800 2.3250579834
6900 3.13282012939
7000 3.32498550415
7100 2.21705436707
7200 4.96602058411
7300 8.4490776062
7400 3.51095199585
7500 4.86302375793
7600 9.27305221558
7700 3.30495834351
7800 3.77106666565
7900 3.17907333374
8000 3.32117080688
8100 9.99999046326
8200 5.80787658691
8300 8.99291038513
8400 4.18996810913
8500 3.0210018158
8600 4.71711158752
8700 4.33802604675
8800 5.39398193359
8900 10.0748538971
9000 4.05788421631
9100 3.54099273682
9200 4.01401519775
9300 3.72099876404
9400 8.41808319092
9500 3.55315208435
9600 3.28588485718
9700 10.0069046021
9800 3.40890884399
9900 3.69095802307
10000 4.4219493866
10100 4.2929649353
10200 5.48887252808
10300 8.23998451233
10400 3.06797027588
10500 3.16500663757
10600 2.55990028381
10700 5.20610809326
10800 10.7970237732
10900 3.03196907043
11000 4.06789779663
11100 10.8070373535
11200 3.3860206604
11300 3.37910652161
11400 7.3618888855
11500 3.43990325928
11600 3.56483459473
11700 2.60996818542
11800 3.36313247681
11900 2.82883644104
12000 3.62706184387
12100 2.8669834137
12200 7.84301757812
12300 4.25696372986
12400 2.67505645752
12500 4.35495376587
12600 5.88011741638
12700 3.85999679565
12800 3.24106216431
12900 3.76296043396
13000 9.78302955627
13100 3.32403182983
13200 3.69715690613
13300 4.40502166748
13400 3.43012809753
13500 3.21578979492
13600 2.40397453308
13700 5.92803955078
13800 10.5428695679
13900 3.28707695007
14000 5.55610656738
14100 9.65809822083
14200 3.70907783508
14300 3.65900993347
14400 9.86886024475
14500 3.25202941895
14600 3.49497795105
14700 4.13608551025
14800 2.85887718201
14900 3.95512580872
15000 10.8048915863
15100 3.57890129089
15200 3.19790840149
15300 3.79395484924
15400 4.73999977112
15500 3.56101989746
15600 10.617017746
15700 3.3700466156
15800 3.35383415222
15900 10.6358528137
16000 5.65600395203
16100 2.53200531006
16200 4.53805923462
16300 5.80811500549
16400 9.81998443604
16500 3.48806381226
16600 5.26905059814
16700 9.62209701538
16800 4.3511390686
16900 3.92317771912
17000 4.22310829163
17100 3.30901145935
17200 2.46405601501
17300 2.5200843811
17400 5.43904304504
17500 9.29188728333
17600 3.05795669556
17700 4.9159526825
17800 9.35292243958
17900 3.17001342773
18000 7.35306739807
18100 9.14788246155
18200 4.70304489136
18300 4.92191314697
18400 2.80690193176
18500 3.4499168396
18600 3.05104255676
18700 2.91895866394
18800 3.62086296082
18900 3.34000587463
19000 2.34007835388
19100 5.19585609436
19200 8.57090950012
19300 4.38404083252
19400 3.30901145935
19500 9.56797599792
19600 2.99096107483
19700 3.46088409424
19800 3.34906578064
19900 3.29303741455
20000 9.81998443604
20100 2.68197059631
20200 4.78315353394
20300 9.37390327454
20400 3.66497039795
20500 3.27920913696
20600 8.93497467041
20700 3.84712219238
20800 4.67801094055
20900 4.58598136902
21000 4.04977798462
21100 5.4829120636
21200 8.49604606628
21300 3.29303741455
21400 3.59416007996
21500 4.34899330139
21600 3.25918197632
21700 2.93016433716
21800 3.07202339172
21900 5.15389442444
22000 3.20506095886
22100 3.65710258484
22200 4.89377975464
22300 2.5110244751
22400 4.0271282196
22500 2.81500816345
22600 10.4060173035
22700 3.85689735413
22800 3.79395484924
22900 3.87692451477
23000 3.16905975342
23100 8.12697410583
23200 3.38292121887
23300 3.11994552612
23400 4.05216217041
23500 3.24511528015
23600 2.43186950684
23700 3.13496589661
23800 5.36799430847
23900 9.47403907776
24000 4.75883483887
24100 3.80206108093
24200 4.73809242249
24300 3.47590446472
24400 4.06002998352
24500 3.76892089844
24600 2.92611122131
24700 2.44808197021
24800 3.85499000549
24900 4.99200820923
25000 9.92202758789
25100 3.69715690613
25200 4.09698486328
25300 3.89385223389
25400 5.2969455719
25500 8.84914398193
25600 3.68690490723
25700 3.49903106689
25800 4.30512428284
25900 3.47900390625
26000 3.13591957092
26100 4.66704368591
26200 5.10883331299
26300 2.72989273071
26400 3.51405143738
26500 5.24616241455
26600 8.69607925415
26700 3.42893600464
26800 4.98604774475
26900 8.57996940613
27000 3.46493721008
27100 2.77709960938
27200 2.18892097473
27300 3.12495231628
27400 3.87406349182
27500 9.34290885925
27600 3.2639503479
27700 3.72719764709
27800 3.98683547974
27900 6.01506233215
28000 8.79096984863
28100 3.29613685608
28200 2.89082527161
28300 4.03904914856
28400 3.48782539368
28500 3.77702713013
28600 2.38299369812
28700 3.71980667114
28800 12.6168727875
28900 3.48997116089
29000 2.63500213623
29100 3.86691093445
29200 4.14299964905
29300 11.2080574036
29400 3.16905975342
29500 2.99620628357
29600 4.36210632324
29700 2.87413597107
29800 2.64191627502
29900 4.24289703369
30000 4.71210479736
30100 8.43787193298
30200 2.33316421509
30300 5.47790527344
30400 9.91201400757
30500 3.35812568665
30600 3.20315361023
30700 2.60400772095
30800 5.30982017517
30900 10.2159976959
31000 3.32093238831
31100 2.77614593506
31200 2.66003608704
31300 4.86016273499
31400 2.6650428772
31500 3.22079658508
31600 5.99098205566
31700 3.09085845947
31800 3.08513641357
31900 5.31101226807
32000 8.30602645874
32100 4.20880317688
32200 4.28605079651
32300 4.15301322937
32400 4.18090820312
32500 3.20506095886
32600 8.52012634277
32700 3.18598747253
32800 8.28289985657
32900 9.81116294861
33000 3.63183021545
33100 5.5079460144
33200 2.55417823792
33300 3.88598442078
33400 3.94892692566
33500 2.37894058228
33600 4.85610961914
33700 3.94892692566
33800 2.22897529602
33900 3.07297706604
34000 7.92503356934
34100 3.95011901855
34200 3.71098518372
34300 3.60989570618
34400 5.29408454895
34500 4.87089157104
34600 3.69811058044
34700 4.01902198792
34800 2.56299972534
34900 3.00288200378
35000 4.9250125885
35100 2.96688079834
35200 3.13591957092
35300 6.51907920837
35400 10.1580619812
35500 3.80706787109
35600 3.49402427673
35700 3.06391716003
35800 5.17606735229
35900 3.09109687805
36000 3.59892845154
36100 2.86388397217
36200 10.2891921997
36300 3.92293930054
36400 3.77106666565
36500 10.066986084
36600 4.0020942688
36700 8.73398780823
36800 2.436876297
36900 5.25093078613
37000 2.47287750244
37100 3.03888320923
37200 4.20308113098
37300 3.48496437073
37400 2.99692153931
37500 5.28001785278
37600 8.75401496887
37700 3.02410125732
37800 3.39317321777
37900 2.13503837585
38000 4.93693351746
38100 9.64879989624
38200 4.04095649719
38300 3.83305549622
38400 4.18090820312
38500 4.46796417236
38600 3.04794311523
38700 3.90410423279
38800 3.06296348572
38900 3.87001037598
39000 3.95107269287
39100 3.28397750854
39200 2.92992591858
39300 3.18503379822
39400 3.32999229431
39500 8.38589668274
39600 3.83710861206
39700 3.20196151733
39800 4.03308868408
39900 3.32689285278
40000 2.76589393616
40100 4.02092933655
40200 5.20300865173
40300 8.63099098206
40400 3.36217880249
40500 3.93509864807
40600 10.4529857635
40700 4.01377677917
40800 3.23796272278
40900 2.49099731445
41000 5.29980659485
41100 3.21292877197
41200 2.6478767395
41300 3.49688529968
41400 2.70915031433
41500 3.62396240234
41600 3.74698638916
41700 10.0748538971
41800 2.95400619507
41900 6.11710548401
42000 8.35704803467
42100 3.09491157532
42200 3.44681739807
42300 9.82904434204
42400 4.04787063599
42500 3.17883491516
42600 4.58288192749
42700 5.63907623291
42800 9.31787490845
42900 3.72886657715
43000 5.92088699341
43100 6.13594055176
43200 3.38697433472
43300 2.82192230225
43400 4.05192375183
43500 5.38802146912
43600 8.957862854
43700 3.77488136292
43800 4.65297698975
43900 9.90295410156
44000 2.66790390015
44100 2.62904167175
44200 2.21300125122
44300 5.32603263855
44400 8.47601890564
44500 3.23605537415
44600 3.05795669556
44700 2.12001800537
44800 2.86102294922
44900 8.88609886169
45000 4.2040348053
45100 3.72695922852
45200 10.0469589233
45300 3.005027771
45400 3.49688529968
45500 3.72385978699
45600 5.38992881775
45700 3.03101539612
45800 3.52907180786
45900 4.87112998962
46000 3.73601913452
46100 2.19297409058
46200 5.96213340759
46300 9.28711891174
46400 3.2160282135
46500 5.02586364746
46600 8.61811637878
46700 3.30996513367
46800 3.47590446472
46900 9.48786735535
47000 3.55291366577
47100 4.9250125885
47200 8.63885879517
47300 3.51405143738
47400 2.62689590454
47500 10.5760097504
47600 3.74794006348
47700 2.57015228271
47800 4.52399253845
47900 4.74691390991
48000 3.23796272278
48100 3.02720069885
48200 5.10120391846
48300 9.95683670044
48400 2.54487991333
48500 6.40487670898
48600 9.23490524292
48700 3.7579536438
48800 5.83004951477
48900 2.79903411865
49000 2.38108634949
49100 3.01384925842
49200 2.57015228271
49300 3.06606292725
49400 4.86993789673
49500 2.0580291748
49600 3.25417518616
49700 5.23900985718
49800 9.2830657959
49900 5.50889968872
50000 3.40008735657
50100 4.04000282288
50200 5.13386726379
50300 2.46214866638
50400 4.75406646729
50500 5.49578666687
50600 8.38994979858
50700 4.24695014954
50800 5.06401062012
50900 9.42301750183
51000 5.72395324707
51100 2.83193588257
51200 2.33507156372
51300 5.14507293701
51400 8.55302810669
51500 4.07910346985
51600 4.86612319946
51700 3.89313697815
51800 3.72004508972
51900 3.79490852356
52000 2.18892097473
52100 3.35502624512
52200 2.73203849792
52300 3.21221351624
52400 2.90393829346
52500 8.94093513489
52600 2.83098220825
52700 5.11908531189
52800 4.45103645325
52900 2.5839805603
53000 3.8628578186
53100 4.22596931458
53200 2.76398658752
53300 3.32093238831
53400 2.5589466095
53500 5.22398948669
53600 9.202003479
53700 2.69198417664
53800 5.24497032166
53900 3.11398506165
54000 3.31592559814
54100 5.36489486694
54200 3.093957901
54300 3.76796722412
54400 6.20794296265
54500 8.70609283447
54600 2.69818305969
54700 5.44214248657
54800 11.0120773315
54900 3.73888015747
55000 3.14688682556
55100 10.4060173035
55200 2.92992591858
55300 10.941028595
55400 5.14388084412
55500 2.97594070435
55600 9.57798957825
55700 3.77011299133
55800 3.32593917847
55900 4.49585914612
56000 4.09317016602
56100 2.89988517761
56200 4.67109680176
56300 3.41892242432
56400 3.29899787903
56500 3.1259059906
56600 4.97007369995
56700 8.3179473877
56800 3.34310531616
56900 3.45611572266
57000 4.75692749023
57100 3.31592559814
57200 3.34000587463
57300 4.29677963257
57400 4.31799888611
57500 4.66179847717
57600 4.390001297
57700 3.20315361023
57800 5.24091720581
57900 8.36896896362
58000 2.7859210968
58100 4.85396385193
58200 8.46195220947
58300 3.77607345581
58400 4.19783592224
58500 3.86190414429
58600 5.56182861328
58700 4.10103797913
58800 10.5340480804
58900 3.1521320343
59000 4.23812866211
59100 10.0820064545
59200 2.95305252075
59300 4.43482398987
59400 2.22206115723
59500 4.93192672729
59600 4.24599647522
59700 2.53295898438
59800 5.58400154114
59900 2.88891792297
60000 3.28016281128
60100 6.71005249023
60200 8.71896743774
60300 3.73697280884
60400 4.00495529175
60500 3.81803512573
60600 4.98604774475
60700 2.86316871643
60800 4.44793701172
60900 4.99606132507
61000 2.72417068481
61100 3.43084335327
61200 5.79977035522
61300 8.75902175903
61400 3.11493873596
61500 3.751039505
61600 4.17804718018
61700 2.56681442261
61800 3.07989120483
61900 3.61895561218
62000 3.85999679565
62100 2.8510093689
62200 4.82606887817
62300 9.68790054321
62400 3.87597084045
62500 3.39603424072
62600 9.01579856873
62700 3.29208374023
62800 3.77297401428
62900 4.07385826111
63000 4.43291664124
63100 3.60298156738
63200 3.67188453674
63300 2.95400619507
63400 3.47208976746
63500 2.9718875885
63600 5.88393211365
63700 9.55605506897
63800 3.19290161133
63900 3.69596481323
64000 10.5030536652
64100 3.70621681213
64200 3.08704376221
64300 12.0918750763
64400 4.02808189392
64500 3.32307815552
64600 3.92198562622
64700 3.06701660156
64800 3.55505943298
64900 3.50499153137
65000 6.82997703552
65100 10.6570720673
65200 3.67093086243
65300 3.48591804504
65400 4.48393821716
65500 4.46605682373
65600 3.1909942627
65700 3.90410423279
65800 5.62191009521
65900 9.52386856079
66000 3.61514091492
66100 3.76415252686
66200 9.40608978271
66300 3.03912162781
66400 3.13496589661
66500 3.2651424408
66600 6.68787956238
66700 8.20016860962
66800 3.26609611511
66900 3.54909896851
67000 9.06705856323
67100 3.21197509766
67200 3.52787971497
67300 4.47797775269
67400 5.08594512939
67500 2.83288955688
67600 2.36487388611
67700 3.33499908447
67800 3.40008735657
67900 3.32403182983
68000 4.42504882812
68100 9.27901268005
68200 4.05812263489
68300 3.55505943298
68400 2.14290618896
68500 5.33318519592
68600 8.58497619629
68700 3.70597839355
68800 3.13091278076
68900 11.2869739532
69000 4.16803359985
69100 3.90601158142
69200 4.33802604675
69300 5.26189804077
69400 8.64696502686
69500 2.63810157776
69600 5.45501708984
69700 3.91817092896
69800 2.13003158569
69900 3.12209129333
70000 2.96401977539
70100 3.43799591064
70200 5.71298599243
70300 8.84413719177
70400 3.57294082642
70500 5.6049823761
70600 4.60696220398
70700 3.40986251831
70800 3.21912765503
70900 2.88891792297
71000 3.42583656311
71100 3.23390960693
71200 4.69899177551
71300 4.65178489685
71400 2.96497344971
71500 4.2040348053
71600 5.56111335754
71700 2.88796424866
71800 3.69787216187
71900 5.72800636292
72000 4.8668384552
72100 3.7260055542
72200 8.68892669678
72300 3.44300270081
72400 6.02722167969
72500 8.9259147644
72600 3.58986854553
72700 5.88297843933
72800 9.22012329102
72900 2.84099578857
73000 3.66902351379
73100 8.06593894958
73200 3.55911254883
73300 2.88701057434
73400 2.62689590454
73500 5.30695915222
73600 3.92913818359
73700 3.52096557617
73800 5.1441192627
73900 9.49311256409
74000 3.38888168335
74100 5.87201118469
74200 11.2419128418
74300 3.84402275085
74400 3.37386131287
74500 4.06217575073
74600 3.1521320343
74700 3.55505943298
74800 2.5429725647
74900 3.10087203979
75000 10.4610919952
75100 3.28707695007
75200 2.89487838745
75300 2.29001045227
75400 4.83703613281
75500 8.60190391541
75600 3.1259059906
75700 3.12304496765
75800 4.28199768066
75900 3.49402427673
76000 3.16405296326
76100 3.42178344727
76200 4.6489238739
76300 9.51099395752
76400 2.58994102478
76500 3.93009185791
76600 3.78918647766
76700 4.77409362793
76800 2.9878616333
76900 3.99303436279
77000 4.52208518982
77100 8.9418888092
77200 4.10199165344
77300 5.93495368958
77400 9.56797599792
77500 3.69501113892
77600 4.07290458679
77700 4.80198860168
77800 3.69596481323
77900 3.10301780701
78000 3.93795967102
78100 3.65400314331
78200 3.43108177185
78300 8.58807563782
78400 4.9250125885
78500 3.741979599
78600 9.54604148865
78700 3.17406654358
78800 2.80213356018
78900 2.18796730042
79000 8.27503204346
79100 11.6498470306
79200 2.97999382019
79300 3.68213653564
79400 3.55291366577
79500 4.72688674927
79600 8.92400741577
79700 3.49497795105
79800 3.36194038391
79900 10.3480815887
80000 3.84402275085
80100 3.33309173584
80200 2.10189819336
80300 5.8810710907
80400 8.92496109009
80500 3.28993797302
80600 2.85911560059
80700 4.09889221191
80800 3.35192680359
80900 9.08017158508
81000 3.6449432373
81100 3.79204750061
81200 2.06995010376
81300 5.11193275452
81400 9.63306427002
81500 3.49998474121
81600 2.71105766296
81700 2.01106071472
81800 3.54290008545
81900 2.51007080078
82000 2.13599205017
82100 5.43189048767
82200 2.75707244873
82300 2.38919258118
82400 5.02300262451
82500 3.11708450317
82600 9.79900360107
82700 3.97396087646
82800 4.15086746216
82900 4.36305999756
83000 5.62000274658
83100 2.91895866394
83200 2.54106521606
83300 5.54299354553
83400 3.28302383423
83500 4.08792495728
83600 4.03213500977
83700 4.08697128296
83800 4.15301322937
83900 4.84704971313
84000 2.56109237671
84100 2.85720825195
84200 3.77011299133
84300 8.62216949463
84400 4.16898727417
84500 3.23605537415
84600 3.75294685364
84700 7.43699073792
84800 2.74205207825
84900 3.98087501526
85000 5.41591644287
85100 2.56109237671
85200 3.92198562622
85300 3.47995758057
85400 2.5680065155
85500 2.19988822937
85600 5.34510612488
85700 8.44693183899
85800 3.31616401672
85900 3.26704978943
86000 11.8079185486
86100 3.40390205383
86200 3.35311889648
86300 4.15301322937
86400 5.76400756836
86500 2.66695022583
86600 2.05397605896
86700 4.88305091858
86800 3.0689239502
86900 2.27904319763
87000 5.31601905823
87100 8.67700576782
87200 3.42392921448
87300 2.64692306519
87400 5.35607337952
87500 4.77886199951
87600 10.6389522552
87700 4.5850276947
87800 3.34286689758
87900 9.86790657043
88000 4.0237903595
88100 3.38292121887
88200 2.02584266663
88300 5.83410263062
88400 8.85105133057
88500 3.25083732605
88600 4.99987602234
88700 4.34398651123
88800 3.49497795105
88900 4.52613830566
89000 10.3809833527
89100 3.53288650513
89200 3.13782691956
89300 10.5020999908
89400 3.5240650177
89500 3.54790687561
89600 2.38013267517
89700 5.27596473694
89800 10.4329586029
89900 3.44610214233
90000 5.3539276123
90100 11.5489959717
90200 3.41200828552
90300 5.96404075623
90400 8.70800018311
90500 3.20410728455
90600 5.65314292908
90700 9.42087173462
90800 3.63707542419
90900 5.61594963074
91000 8.72421264648
91100 3.35192680359
91200 4.0590763092
91300 10.5769634247
91400 2.8121471405
91500 3.30996513367
91600 2.71105766296
91700 2.94494628906
91800 3.14092636108
91900 5.88512420654
92000 5.32102584839
92100 3.36980819702
92200 8.54897499084
92300 2.9571056366
92400 3.07011604309
92500 10.6680393219
92600 3.50213050842
92700 3.83591651917
92800 3.7829875946
92900 3.12805175781
93000 2.66599655151
93100 3.90195846558
93200 5.05781173706
93300 8.76307487488
93400 3.45921516418
93500 3.44896316528
93600 4.20498847961
93700 4.1811466217
93800 2.82692909241
93900 3.99088859558
94000 3.42512130737
94100 3.48997116089
94200 3.20410728455
94300 5.10787963867
94400 4.2769908905
94500 3.33404541016
94600 2.78997421265
94700 2.66218185425
94800 5.04493713379
94900 8.53395462036
95000 3.45683097839
95100 2.86889076233
95200 10.2989673615
95300 3.94678115845
95400 3.66497039795
95500 10.2241039276
95600 4.20379638672
95700 3.42917442322
95800 10.2097988129
95900 3.66497039795
96000 3.32093238831
96100 2.25806236267
96200 6.08086585999
96300 10.4520320892
96400 4.16922569275
96500 2.78186798096
96600 2.08187103271
96700 5.83815574646
96800 2.76279449463
96900 2.8350353241
97000 6.24108314514
97100 3.17811965942
97200 2.40707397461
97300 5.88893890381
97400 2.79498100281
97500 3.42988967896
97600 4.2290687561
97700 10.3368759155
97800 3.84497642517
97900 3.85808944702
98000 3.19480895996
98100 3.18598747253
98200 4.24814224243
98300 3.46302986145
98400 3.11207771301
98500 10.9009742737
98600 3.50022315979
98700 3.83186340332
98800 5.13100624084
98900 5.59186935425
99000 8.80599021912
99100 4.41098213196
99200 3.62300872803
99300 3.89409065247
99400 4.41789627075
99500 2.83002853394
99600 10.0269317627
99700 4.48489189148
99800 3.27396392822
99900 4.04906272888
